Ivanov;Ivan;1A;2,3,4,5,5,5;3,3,3;4,3,2;4,4,4;5,2,1
Petrov;Petr;1A;5,5,5;2,3,3,3;4,4;5,4;4,2,3
Pugacheva;Alla;1A;2,3,4,5;3,3,3;4,3,2;4,4,4;5,2,2
Vasilev;Vasya;1A;2,3,4,5;3,3,3;4,3,2;4,4,4;5,2,3
Lady;Gaga;1A;2,3,4,5;3,3,3;4,3,2;4,4,4;5,2,5
Kirkorov;Phillip;2Б;2,3,4,5;3,3,3;4,3,2;4,4,4;5,2,4
Pitt;Bred;2Б;2,3,4,5;3,3,3;4,3,2;4,4,4;5,2,5
Huston;Whitney;2Б;2,3,4,5;3,3,3;4,3,2,5;4,4,4;5,2,5
Kerry;Jim;2Б;5,3,4,5;5,3,3;3,3,2;4,4,4;5,2,4,5
Depp;Johney;2Б;2,3,4,5;3,3,3;4,3,2;4,4,4;5,2,5
Poppins;Mary;3В;2,3,4,5,5;3,3,3,5;4,3,2;4,4,4;5,2,3